
// ~~~~~~~~~~~~~~~~~~~~~~~~~~~~~~~~~~~~~~~~~~~~~~~~~~~~~~~~~~~~~~~~~~~~~~~~~~~~~~~~~~~~~~~~~~~~~~~~~~~~~~~~~~~~~~~~~~~~~~~~~~~~~~~~~~~~~~~~~~~~~~~~~~~~~~~~~~~~~~~~~~~~~~~~~~~~~~~~~~~~~~~~~~~~~~~~~~~~~~~~~~~~~~~~~~~~~~~~~~~~~~~~~~~~~~~~~~
// =========== MapID: 38
// ~~~~~~~~~~~~~~~~~~~~~~~~~~~~~~~~~~~~~~~~~~~~~~~~~~~~~~~~~~~~~~~~~~~~~~~~~~~~~~~~~~~~~~~~~~~~~~~~~~~~~~~~~~~~~~~~~~~~~~~~~~~~~~~~~~~~~~~~~~~~~~~~~~~~~~~~~~~~~~~~~~~~~~~~~~~~~~~~~~~~~~~~~~~~~~~~~~~~~~~~~~~~~~~~~~~~~~~~~~~~~~~~~~~~~~~~~~
1
359	38	3	176	149	176	149	-1	5   //Twin Tale
359	38	3	198	125	198	125	-1	5   //Twin Tale
359	38	3	137	153	137	153	-1	5   //Twin Tale
360	38	3	109	160	109	160	-1	5   //Dreadfear
360	38	3	121	131	121	131	-1	5   //Dreadfear
359	38	3	182	90	182	90	-1	5   //Twin Tale
358	38	3	100	81	100	81	-1	5   //Persona
358	38	3	99	102	99	102	-1	5   //Persona
358	38	3	131	78	131	78	-1	5   //Persona
359	38	3	164	94	164	94	-1	5   //Twin Tale
359	38	3	140	101	140	101	-1	5   //Twin Tale
end

// minimap

2   171  149 0 //Twin Tale             
2   193  125 0 //Twin Tale             
2   132  153 0 //Twin Tale             
2   104  160 0 //Dreadfear             
2   116  131 0 //Dreadfear             
2   177  90  0 //Twin Tale       
2   95   81  0 //Persona       
2   94   102 0 //Persona             
2   126  78	 0 //Persona           
2   159  94	 0 //Twin Tale            
2   135  101 0 //Twin Tale 	         