

// ~~~~~~~~~~~~~~~~~~~~~~~~~~~~~~~~~~~~~~~~~~~~~~~~~~~~~~~~~~~~~~~~~~~~~~~~~~~~~~~~~~~~~~~~~~~~~~~~~~~~~~~~~~~~~~~~~~~~~~~~~~~~~~~~~~~~~~~~~~~~~~~~~~~~~~~~~~~~~~~~~~~~~~~~~~~~~~~~~~~~~~~~~~~~~~~~~~~~~~~~~~~~~~~~~~~~~~~~~~~~~~~~~~~~~~~~~~
// =========== MapID: 81
// ~~~~~~~~~~~~~~~~~~~~~~~~~~~~~~~~~~~~~~~~~~~~~~~~~~~~~~~~~~~~~~~~~~~~~~~~~~~~~~~~~~~~~~~~~~~~~~~~~~~~~~~~~~~~~~~~~~~~~~~~~~~~~~~~~~~~~~~~~~~~~~~~~~~~~~~~~~~~~~~~~~~~~~~~~~~~~~~~~~~~~~~~~~~~~~~~~~~~~~~~~~~~~~~~~~~~~~~~~~~~~~~~~~~~~~~~~~
1
575	81	3	99	86	-1	//Condra
575	81	3	100	61	-1	//Condra
575	81	3	155	114	-1	//Condra
576	81	3	74	44	-1	//Narcondra
576	81	3	61	141	-1	//Narcondra
576	81	3	74	113	-1	//Narcondra
576	81	3	66	90	-1	//Narcondra
572	81	3	162	71	-1	//Gollock
572	81	3	201	62	-1	//Gollock
572	81	3	164	32	-1	//Gollock
572	81	3	210	106	-1	//Gollock
575	81	3	132	119	-1	//Condra
575	81	3	126	86	-1	//Condra
575	81	3	127	55	-1	//Condra
end

//minimap

2   94    86	0 //Condra
2   95    61	0 //Condra
2   150   114	0 //Condra
2   69    44	0 //Narcondra
2   56    141	0 //Narcondra
2   69    113	0 //Narcondra
2   61    90	0 //Narcondra
2   157   71	0 //Gollock
2   196   62	0 //Gollock
2   159   32	0 //Gollock
2   205   106	0 //Gollock
2   127   119	0 //Condra
2   121   86	0 //Condra
2   122   55	0 //Condra