//Generated by MU.ToolKit coded by TopReal.IT

// ~~~~~~~~~~~~~~~~~~~~~~~~~~~~~~~~~~~~~~~~~~~~~~~~~~~~~~~~~~~~~~~~~~~~~~~~~~~~~~~~~~~~~~~~~~~~~~~~~~~~~~~~~~~~~~~~~~~~~~~~~~~~~~~~~~~~~~~~~~~~~~~~~~~~~~~~~~~~~~~~~~~~~~~~~~~~~~~~~~~~~~~~~~~~~~~~~~~~~~~~~~~~~~~~~~~~~~~~~~~~~~~~~~~~~~~~~~
// =========== MapID: 10
// ~~~~~~~~~~~~~~~~~~~~~~~~~~~~~~~~~~~~~~~~~~~~~~~~~~~~~~~~~~~~~~~~~~~~~~~~~~~~~~~~~~~~~~~~~~~~~~~~~~~~~~~~~~~~~~~~~~~~~~~~~~~~~~~~~~~~~~~~~~~~~~~~~~~~~~~~~~~~~~~~~~~~~~~~~~~~~~~~~~~~~~~~~~~~~~~~~~~~~~~~~~~~~~~~~~~~~~~~~~~~~~~~~~~~~~~~~~

0
// ==========================================================================================================================================================================================================================================
//Mob	Map	Dis	X	Y	Dir	Name
// ==========================================================================================================================================================================================================================================
end

2
// ==========================================================================================================================================================================================================================================
//Mob	Map	Dis	X	Y	Dir	Name
// ==========================================================================================================================================================================================================================================
74	10	3	48	143	48	143	-1	5 //Alpha Crust
72	10	3	43	170	43	170	-1	5 //Phantom Knight
74	10	3	54	126	54	126	-1	5 //Alpha Crust
73	10	3	37	105	37	105	-1	5 //Drakan
74	10	3	39	125	39	125	-1	5 //Alpha Crust
72	10	3	60	161	60	161	-1	5 //Phantom Knight
75	10	3	28	226	28	226	-1	5 //Giant Drakan
77	10	3	38	235	38	235	-1	1 //Dark Phoenix
75	10	3	49	230	49	230	-1	5 //Giant Drakan
72	10	3	61	190	61	190	-1	5 //Phantom Knight
75	10	3	50	201	50	201	-1	5 //Giant Drakan
69	10	3	75	47	75	47	-1	5 //Alquamos
71	10	3	91	37	91	37	-1	5 //Mega Crust
69	10	3	57	35	57	35	-1	5 //Alquamos
69	10	3	17	34	17	34	-1	5 //Alquamos
69	10	3	37	34	37	34	-1	5 //Alquamos
71	10	3	92	57	92	57	-1	5 //Mega Crust
73	10	3	29	68	29	68	-1	5 //Drakan
73	10	3	36	87	36	87	-1	5 //Drakan
70	10	3	49	72	49	72	-1	5 //Queen Rainer
71	10	3	86	84	86	84	-1	5 //Mega Crust
70	10	3	70	77	70	77	-1	5 //Queen Rainer
end

// minimap


2   43 	143	0   //Alpha Crust
2   38 	170	0   //Phantom Knight
2   49 	126	0   //Alpha Crust
2   32 	105	0   //Drakan
2   34 	125	0   //Alpha Crust
2   55 	161	0   //Phantom Knight
2   23 	226	0   //Giant Drakan
2   33 	235	0   //Dark Phoenix
2   44 	230	0   //Giant Drakan
2   56 	190	0   //Phantom Knight
2   45 	201	0   //Giant Drakan
2   70 	47	0   //Alquamos
2   86 	37	0   //Mega Crust
2   52 	35	0   //Alquamos
2   12 	34	0   //Alquamos
2   32 	34	0   //Alquamos
2   87 	57	0   //Mega Crust
2   24 	68	0   //Drakan
2   31 	87	0   //Drakan
2   44 	72	0   //Queen Rainer
2   81 	84	0   //Mega Crust
2   65	77	0   //Queen Rainer