

// ~~~~~~~~~~~~~~~~~~~~~~~~~~~~~~~~~~~~~~~~~~~~~~~~~~~~~~~~~~~~~~~~~~~~~~~~~~~~~~~~~~~~~~~~~~~~~~~~~~~~~~~~~~~~~~~~~~~~~~~~~~~~~~~~~~~~~~~~~~~~~~~~~~~~~~~~~~~~~~~~~~~~~~~~~~~~~~~~~~~~~~~~~~~~~~~~~~~~~~~~~~~~~~~~~~~~~~~~~~~~~~~~~~~~~~~~~~
// =========== MapID: 34
// ~~~~~~~~~~~~~~~~~~~~~~~~~~~~~~~~~~~~~~~~~~~~~~~~~~~~~~~~~~~~~~~~~~~~~~~~~~~~~~~~~~~~~~~~~~~~~~~~~~~~~~~~~~~~~~~~~~~~~~~~~~~~~~~~~~~~~~~~~~~~~~~~~~~~~~~~~~~~~~~~~~~~~~~~~~~~~~~~~~~~~~~~~~~~~~~~~~~~~~~~~~~~~~~~~~~~~~~~~~~~~~~~~~~~~~~~~~

313	34	3	78	33	78	33	-1	5 //Werewolf
314	34	3	42	58	42	58	-1	5 //Scout Hero
312	34	3	82	139	82	139	-1	5 //Bow Scout
313	34	3	91	85	91	85	-1	5 //Werewolf
315	34	3	96	225	96	225	-1	5 //Werewolf Hero
315	34	3	64	217	64	217	-1	5 //Werewolf Hero
314	34	3	26	93	26	93	-1	5 //Scout Hero
315	34	3	16	144	16	144	-1	5 //Werewolf Hero
312	34	3	112	184	112	184	-1	5 //Bow Scout
311	34	3	179	153	179	153	-1	5 //Lance Scout
311	34	3	239	147	239	147	-1	5 //Lance Scout
311	34	3	198	43	198	43	-1	5 //Lance Scout
311	34	3	221	90	221	90	-1	5 //Lance Scout
310	34	3	145	191	145	191	-1	5 //Hammer Scout
312	34	3	120	111	120	111	-1	5 //Bow Scout
310	34	3	176	37	176	37	-1	5 //Hammer Scout
310	34	3	174	98	174	98	-1	5 //Hammer Scout
end


// minimap

2   73  33	0 //Werewolf
2   37  58	0 //Scout Hero
2   77  139	0 //Bow Scout
2   86  85	0 //Werewolf
2   91  225	0 //Werewolf Hero
2   59  217	0 //Werewolf Hero
2   21  93	0 //Scout Hero
2   11  144	0 //Werewolf Hero
2   107 184	0 //Bow Scout
2   174 153	0 //Lance Scout
2   234 147	0 //Lance Scout
2   193 43	0 //Lance Scout
2   216 90	0 //Lance Scout
2   140 191	0 //Hammer Scout
2   115 111	0 //Bow Scout
2   171 37	0 //Hammer Scout
2   16  98	0 //Hammer Scout