//Generated by MU.ToolKit coded by TopReal.IT

// ~~~~~~~~~~~~~~~~~~~~~~~~~~~~~~~~~~~~~~~~~~~~~~~~~~~~~~~~~~~~~~~~~~~~~~~~~~~~~~~~~~~~~~~~~~~~~~~~~~~~~~~~~~~~~~~~~~~~~~~~~~~~~~~~~~~~~~~~~~~~~~~~~~~~~~~~~~~~~~~~~~~~~~~~~~~~~~~~~~~~~~~~~~~~~~~~~~~~~~~~~~~~~~~~~~~~~~~~~~~~~~~~~~~~~~~~~~
// =========== MapID: 4
// ~~~~~~~~~~~~~~~~~~~~~~~~~~~~~~~~~~~~~~~~~~~~~~~~~~~~~~~~~~~~~~~~~~~~~~~~~~~~~~~~~~~~~~~~~~~~~~~~~~~~~~~~~~~~~~~~~~~~~~~~~~~~~~~~~~~~~~~~~~~~~~~~~~~~~~~~~~~~~~~~~~~~~~~~~~~~~~~~~~~~~~~~~~~~~~~~~~~~~~~~~~~~~~~~~~~~~~~~~~~~~~~~~~~~~~~~~~

0
// ==========================================================================================================================================================================================================================================
//Mob	Map	Dis	X	Y	Dir	Name
// ==========================================================================================================================================================================================================================================
end

2
// ==========================================================================================================================================================================================================================================
//Mob	Map	Dis	X	Y	Dir	Name
// ==========================================================================================================================================================================================================================================
40	4	3	112	35	112	35	-1	5 //Death Knight
40	4	3	37	57	37	57	-1	5 //Death Knight
40	4	3	85	56	85	56	-1	5 //Death Knight
40	4	3	105	57	105	57	-1	5 //Death Knight
40	4	3	36	17	36	17	-1	5 //Death Knight
40	4	3	21	32	21	32	-1	5 //Death Knight
40	4	3	54	33	54	33	-1	5 //Death Knight
40	4	3	54	9	54	9	-1	5 //Death Knight
37	4	3	113	135	113	135	-1	5 //Devil
37	4	3	134	131	134	131	-1	5 //Devil
37	4	3	121	110	121	110	-1	5 //Devil
37	4	3	134	89	134	89	-1	5 //Devil
40	4	3	106	8	106	8	-1	5 //Death Knight
40	4	3	85	8	85	8	-1	5 //Death Knight
37	4	3	131	34	131	34	-1	5 //Devil
37	4	3	131	7	131	7	-1	5 //Devil
35	4	3	7	175	7	175	-1	5 //Death Gorgon
35	4	3	54	210	54	210	-1	5 //Death Gorgon
35	4	3	54	136	54	136	-1	5 //Death Gorgon
35	4	3	53	176	53	176	-1	5 //Death Gorgon
35	4	3	22	200	22	200	-1	5 //Death Gorgon
38	4	3	16	245	16	245	-1	1 //Balrog
35	4	3	53	242	53	242	-1	5 //Death Gorgon
35	4	3	22	226	22	226	-1	5 //Death Gorgon
40	4	3	53	92	53	92	-1	5 //Death Knight
35	4	3	27	104	27	104	-1	5 //Death Gorgon
40	4	3	13	50	13	50	-1	5 //Death Knight
35	4	3	12	9	12	9	-1	5 //Death Gorgon
35	4	3	30	128	30	128	-1	5 //Death Gorgon
35	4	3	4	130	4	130	-1	5 //Death Gorgon
35	4	3	3	104	3	104	-1	5 //Death Gorgon
35	4	3	54	116	54	116	-1	5 //Death Gorgon
39	4	3	193	40	193	40	-1	5 //Poison Shadow
39	4	3	197	131	197	131	-1	5 //Poison Shadow
36	4	3	225	110	225	110	-1	5 //Shadow
36	4	3	230	70	230	70	-1	5 //Shadow
39	4	3	194	184	194	184	-1	5 //Poison Shadow
39	4	3	239	214	239	214	-1	5 //Poison Shadow
39	4	3	230	248	230	248	-1	5 //Poison Shadow
39	4	3	169	248	169	248	-1	5 //Poison Shadow
36	4	3	247	117	247	117	-1	5 //Shadow
36	4	3	247	73	247	73	-1	5 //Shadow
36	4	3	211	89	211	89	-1	5 //Shadow
36	4	3	225	119	225	119	-1	5 //Shadow
36	4	3	202	115	202	115	-1	5 //Shadow
36	4	3	221	33	221	33	-1	5 //Shadow
36	4	3	247	16	247	16	-1	5 //Shadow
36	4	3	193	99	193	99	-1	5 //Shadow
41	4	3	128	248	128	248	-1	5 //Death Cow
41	4	3	114	200	114	200	-1	5 //Death Cow
34	4	3	101	219	101	219	-1	5 //Cursed Wizard
34	4	3	102	187	102	187	-1	5 //Cursed Wizard
41	4	3	87	135	87	135	-1	5 //Death Cow
41	4	3	112	88	112	88	-1	5 //Death Cow
41	4	3	133	214	133	214	-1	5 //Death Cow
41	4	3	87	95	87	95	-1	5 //Death Cow
34	4	3	231	186	231	186	-1	5 //Cursed Wizard
34	4	3	97	173	97	173	-1	5 //Cursed Wizard
39	4	3	215	214	215	214	-1	5 //Poison Shadow
39	4	3	177	191	177	191	-1	5 //Poison Shadow
34	4	3	84	248	84	248	-1	5 //Cursed Wizard
34	4	3	110	248	110	248	-1	5 //Cursed Wizard
34	4	3	84	191	84	191	-1	5 //Cursed Wizard
34	4	3	84	220	84	220	-1	5 //Cursed Wizard
end


//minimap

2   107     35	0   //Death Knight
2   32      57	0   //Death Knight
2   80      56	0   //Death Knight
2   100     57	0   //Death Knight
2   31      17	0   //Death Knight
2   16      32	0   //Death Knight
2   49      33	0   //Death Knight
2   49      9	0   //Death Knight
2   108     135	0   //Devil
2   129     131	0   //Devil
2   116     110	0   //Devil
2   129     89	0   //Devil
2   101     8	0   //Death Knight
2   80      8	0   //Death Knight
2   126     34	0   //Devil
2   126     7	0   //Devil
2   2       175	0   //Death Gorgon
2   49      210	0   //Death Gorgon
2   49      136	0   //Death Gorgon
2   48      176	0   //Death Gorgon
2   17      200	0   //Death Gorgon
2   11      245	0   //Balrog
2   48      242	0   //Death Gorgon
2   17      226	0   //Death Gorgon
2   48      92	0   //Death Knight
2   22      104	0   //Death Gorgon
2   8       50	0   //Death Knight
2   7       9	0   //Death Gorgon
2   25      128	0   //Death Gorgon
2   0      130	0   //Death Gorgon
2   0      104	0   //Death Gorgon
2   49      116	0   //Death Gorgon
2   188     40	0   //Poison Shadow
2   192     131	0   //Poison Shadow
2   220     110	0   //Shadow
2   225     70	0   //Shadow
2   189     184	0   //Poison Shadow
2   234     214	0   //Poison Shadow
2   225     248	0   //Poison Shadow
2   164     248	0   //Poison Shadow
2   242     117	0   //Shadow
2   242     73	0   //Shadow
2   206     89	0   //Shadow
2   220     119	0   //Shadow
2   197     115	0   //Shadow
2   216     33	0   //Shadow
2   242     16	0   //Shadow
2   188     99	0   //Shadow
2   123     248	0   //Death Cow
2   109     200	0   //Death Cow
2   96      219	0   //Cursed Wizard
2   97      187	0   //Cursed Wizard
2   82      135	0   //Death Cow
2   107     88	0   //Death Cow
2   128     214	0   //Death Cow
2   82      95	0   //Death Cow
2   226     186	0   //Cursed Wizard
2   92      173	0   //Cursed Wizard
2   210     214	0   //Poison Shadow
2   172     191	0   //Poison Shadow
2   79      248	0   //Cursed Wizard
2   105     248	0   //Cursed Wizard
2   79      191	0   //Cursed Wizard
2   7       220	0   //Cursed Wizard