//Generated by MU.ToolKit coded by TopReal.IT

// ~~~~~~~~~~~~~~~~~~~~~~~~~~~~~~~~~~~~~~~~~~~~~~~~~~~~~~~~~~~~~~~~~~~~~~~~~~~~~~~~~~~~~~~~~~~~~~~~~~~~~~~~~~~~~~~~~~~~~~~~~~~~~~~~~~~~~~~~~~~~~~~~~~~~~~~~~~~~~~~~~~~~~~~~~~~~~~~~~~~~~~~~~~~~~~~~~~~~~~~~~~~~~~~~~~~~~~~~~~~~~~~~~~~~~~~~~~
// =========== MapID: 8
// ~~~~~~~~~~~~~~~~~~~~~~~~~~~~~~~~~~~~~~~~~~~~~~~~~~~~~~~~~~~~~~~~~~~~~~~~~~~~~~~~~~~~~~~~~~~~~~~~~~~~~~~~~~~~~~~~~~~~~~~~~~~~~~~~~~~~~~~~~~~~~~~~~~~~~~~~~~~~~~~~~~~~~~~~~~~~~~~~~~~~~~~~~~~~~~~~~~~~~~~~~~~~~~~~~~~~~~~~~~~~~~~~~~~~~~~~~~

0
// ==========================================================================================================================================================================================================================================
//Mob	Map	Dis	X	Y	Dir	Name
// ==========================================================================================================================================================================================================================================
end

2
// ==========================================================================================================================================================================================================================================
//Mob	Map	Dis	X	Y	Dir	Name
// ==========================================================================================================================================================================================================================================
61	8	3	22	153	22	153	-1	5 //Beam Knight
61	8	3	29	138	29	138	-1	5 //Beam Knight
61	8	3	36	176	36	176	-1	5 //Beam Knight
61	8	3	51	155	51	155	-1	5 //Beam Knight
61	8	3	64	175	64	175	-1	5 //Beam Knight
58	8	3	108	122	108	122	-1	5 //Tantallos
58	8	3	127	133	127	133	-1	5 //Tantallos
58	8	3	75	129	75	129	-1	5 //Tantallos
58	8	3	97	170	97	170	-1	5 //Tantallos
58	8	3	48	123	48	123	-1	5 //Tantallos
58	8	3	46	248	46	248	-1	5 //Tantallos
58	8	3	10	205	10	205	-1	5 //Tantallos
63	8	3	151	204	151	204	-1	5 //Death Beam Knight
59	8	3	164	208	164	208	-1	1 //Zaikan
63	8	3	180	211	180	211	-1	5 //Death Beam Knight
63	8	3	105	216	105	216	-1	5 //Death Beam Knight
63	8	3	82	200	82	200	-1	5 //Death Beam Knight
63	8	3	125	215	125	215	-1	5 //Death Beam Knight
63	8	3	23	234	23	234	-1	5 //Death Beam Knight
63	8	3	9	244	9	244	-1	5 //Death Beam Knight
58	8	3	118	159	118	159	-1	5 //Tantallos
62	8	3	156	40	156	40	-1	5 //Mutant
62	8	3	174	93	174	93	-1	5 //Mutant
57	8	3	149	31	149	31	-1	5 //Iron Wheel
57	8	3	136	45	136	45	-1	5 //Iron Wheel
57	8	3	134	17	134	17	-1	5 //Iron Wheel
62	8	3	180	113	180	113	-1	5 //Mutant
62	8	3	200	109	200	109	-1	5 //Mutant
62	8	3	162	122	162	122	-1	5 //Mutant
62	8	3	154	102	154	102	-1	5 //Mutant
62	8	3	155	154	155	154	-1	5 //Mutant
60	8	3	71	62	71	62	-1	5 //Bloody Wolf
60	8	3	82	88	82	88	-1	5 //Bloody Wolf
60	8	3	40	56	40	56	-1	5 //Bloody Wolf
60	8	3	52	103	52	103	-1	5 //Bloody Wolf
60	8	3	21	96	21	96	-1	5 //Bloody Wolf
57	8	3	133	71	133	71	-1	5 //Iron Wheel
57	8	3	98	30	98	30	-1	5 //Iron Wheel
57	8	3	108	104	108	104	-1	5 //Iron Wheel
57	8	3	109	84	109	84	-1	5 //Iron Wheel
57	8	3	101	63	101	63	-1	5 //Iron Wheel
end


// minimap

2   17       153	0 //Beam Knight
2   24       138	0 //Beam Knight
2   31       176	0 //Beam Knight
2   46       155	0 //Beam Knight
2   59       175	0 //Beam Knight
2   103      122	0 //Tantallos
2   122      133	0 //Tantallos
2   70       129	0 //Tantallos
2   92       170	0 //Tantallos
2   43       123	0 //Tantallos
2   41       248	0 //Tantallos
2   5        205	0 //Tantallos
2   146      204	0 //Death Beam Knight
2   159      208	0 //Zaikan
2   175      211	0 //Death Beam Knight
2   100      216	0 //Death Beam Knight
2   77       200	0 //Death Beam Knight
2   120      215	0 //Death Beam Knight
2   18       234	0 //Death Beam Knight
2   4        244	0 //Death Beam Knight
2   113      159	0 //Tantallos
2   151      40	    0 //Mutant
2   169      93	    0 //Mutant
2   144      31	    0 //Iron Wheel
2   131      45	    0 //Iron Wheel
2   129      17	    0 //Iron Wheel
2   175      113	0 //Mutant
2   195      109	0 //Mutant
2   157      122	0 //Mutant
2   149      102	0 //Mutant
2   150      154	0 //Mutant
2   66       62	    0 //Bloody Wolf
2   77       88	    0 //Bloody Wolf
2   35       56	    0 //Bloody Wolf
2   47       103	0 //Bloody Wolf
2   16       96	    0 //Bloody Wolf
2   128      71	    0 //Iron Wheel
2   93       30	    0 //Iron Wheel
2   103      104	0 //Iron Wheel
2   104      84	    0 //Iron Wheel
2   96       63	    0 //Iron Wheel