0
//EventName              DropZen   ItemDropRate   ItemDropCount   SetItemDropRate   ItemDropType   Fireworks
"Kundun"                 1000      100             2               1000                0              0
end

1
//Section   Type   MinLevel   MaxLevel   Skill   Luck   Option   Excellent
end

2
//Section	Type	MinLevel	MaxLevel	Skill	Luck	Option	Excellent	SetOption	SocketOption	NameItem
//Hyon Set
7 1 1 5 0 0 0 0 1 0
11 1 1 5 0 0 0 0 1 0
10 1 1 5 0 0 0 0 1 0
0 14 1 5 0 0 0 0 1 0
//Vicious Set
7 1 1 5 0 0 0 0 1 0
8 1 1 5 0 0 0 0 1 0
9 1 1 5 0 0 0 0 1 0
13 22 1 5 0 0 0 0 1 0
//Anubis Set
7 3 1 5 0 0 0 0 1 0
8 3 1 5 0 0 0 0 1 0
10 3 1 5 0 0 0 0 1 0
13 21 1 5 0 0 0 0 1 0
//Isis Set
7 3 1 5 0 0 0 0 1 0
8 3 1 5 0 0 0 0 1 0
9 3 1 5 0 0 0 0 1 0
11 3 1 5 0 0 0 0 1 0
//Aruane Set
7 14 1 5 0 0 0 0 1 0
8 14 1 5 0 0 0 0 1 0
9 14 1 5 0 0 0 0 1 0
11 14 1 5 0 0 0 0 1 0
//Muren Set
8 15 1 5 0 0 0 0 1 0
9 15 1 5 0 0 0 0 1 0
10 15 1 5 0 0 0 0 1 0
13 21 1 5 0 0 0 0 1 0
//Agnis Set
7 26 1 5 0 0 0 0 1 0
8 26 1 5 0 0 0 0 1 0
9 26 1 5 0 0 0 0 1 0
13 9 1 5 0 0 0 0 1 0
//Brovii Set
9 26 1 5 0 0 0 0 1 0
10 26 1 5 0 0 0 0 1 0
11 26 1 5 0 0 0 0 1 0
13 25 1 5 0 0 0 0 1 0
//Krono Set
7 40 1 5 0 0 0 0 1 0
9 40 1 5 0 0 0 0 1 0
10 40 1 5 0 0 0 0 1 0
13 24 1 5 0 0 0 0 1 0
//Semeden Set
7 10 1 5 0 0 0 0 1 0
8 10 1 5 0 0 0 0 1 0
10 10 1 5 0 0 0 0 1 0
11 10 1 5 0 0 0 0 1 0
//Warrior Set
7 5 1 5 0 0 0 0 1 0
8 5 1 5 0 0 0 0 1 0
9 5 1 5 0 0 0 0 1 0
11 5 1 5 0 0 0 0 1 0
10 5 1 5 0 0 0 0 1 0
2 1 1 5 0 0 0 0 1 0
13 8 1 5 0 0 0 0 1 0
//Hyperion Set
8 0 1 5 0 0 0 0 1 0
9 0 1 5 0 0 0 0 1 0
11 0 1 5 0 0 0 0 1 0
//Eplet Set
8 6 1 5 0 0 0 0 1 0
9 6 1 5 0 0 0 0 1 0
7 6 1 5 0 0 0 0 1 0
6 9 1 5 0 0 0 0 1 0
13 12 1 5 0 0 0 0 1 0   
//Garuda Set
8 8 1 5 0 0 0 0 1 0
9 8 1 5 0 0 0 0 1 0
10 8 1 5 0 0 0 0 1 0
11 8 1 5 0 0 0 0 1 0
13 13 1 5 0 0 0 0 1 0
//Garuda Set 2
8 9 1 5 0 0 0 0 1 0
10 9 1 5 0 0 0 0 1 0
11 9 1 5 0 0 0 0 1 0
13 9 1 5 0 0 0 0 1 0
13 23 1 5 0 0 0 0 1 0
//Appolo Set
8 2 1 5 0 0 0 0 1 0
9 2 1 5 0 0 0 0 1 0
7 2 1 5 0 0 0 0 1 0
10 2 1 5 0 0 0 0 1 0
5 0 1 5 0 0 0 0 1 0
13 25 1 5 0 0 0 0 1 0
13 24 1 5 0 0 0 0 1 0
//Evis Set
8 4 1 5 0 0 0 0 1 0
9 4 1 5 0 0 0 0 1 0
11 4 1 5 0 0 0 0 1 0
13 26 1 5 0 0 0 0 1 0
//Hera Set
7 7 1 5 0 0 0 0 1 0
9 7 1 5 0 0 0 0 1 0
11 7 1 5 0 0 0 0 1 0
10 7 1 5 0 0 0 0 1 0
7 7 1 5 0 0 0 0 1 0
6 6 1 5 0 0 0 0 1 0
//Ceto vine Set
11 10 1 5 0 0 0 0 1 0
9 10 1 5 0 0 0 0 1 0
10 10 1 5 0 0 0 0 1 0
7 10 1 5 0 0 0 0 1 0
0 2 1 5 0 0 0 0 1 0
13 22 1 5 0 0 0 0 1 0
//Gaia Set
9 11 1 5 0 0 0 0 1 0
8 11 1 5 0 0 0 0 1 0
7 11 1 5 0 0 0 0 1 0
10 11 1 5 0 0 0 0 1 0
4 9 1 5 0 0 0 0 1 0
//Odin Set
7 12 1 5 0 0 0 0 1 0
8 12 1 5 0 0 0 0 1 0
9 12 1 5 0 0 0 0 1 0
10 12 1 5 0 0 0 0 1 0
11 12 1 5 0 0 0 0 1 0
//Argo Set
8 13 1 5 0 0 0 0 1 0
9 13 1 5 0 0 0 0 1 0
10 13 1 5 0 0 0 0 1 0
//Gywen Set
8 14 1 5 0 0 0 0 1 0
10 14 1 5 0 0 0 0 1 0
11 14 1 5 0 0 0 0 1 0
4 5 1 5 0 0 0 0 1 0
13 28 1 5 0 0 0 0 1 0
//Gaion Set
7 15 1 5 0 0 0 0 1 0
9 15 1 5 0 0 0 0 1 0    
8 15 1 5 0 0 0 0 1 0
13 27 1 5 0 0 0 0 1 0
//Berserker Set
7 6 1 5 0 0 0 0 1 0
8 6 1 5 0 0 0 0 1 0
9 6 1 5 0 0 0 0 1 0
10 6 1 5 0 0 0 0 1 0    
11 6 1 5 0 0 0 0 1 0
//Cloud Set
7 8 1 5 0 0 0 0 1 0
9 8 1 5 0 0 0 0 1 0
//Drake Set
8 10 1 5 0 0 0 0 1 0
9 10 1 5 0 0 0 0 1 0
11 10 1 5 0 0 0 0 1 0
7 10 1 5 0 0 0 0 1 0
//Peize Set
9 11 1 5 0 0 0 0 1 0
10 11 1 5 0 0 0 0 1 0
11 11 1 5 0 0 0 0 1 0
//Elvian Set
10 12 1 5 0 0 0 0 1 0
11 12 1 5 0 0 0 0 1 0
//Vegaz Set
7 59 1 5 0 0 0 0 1 0
8 59 1 5 0 0 0 0 1 0
9 59 1 5 0 0 0 0 1 0
0 32 1 5 0 0 0 0 1 0
//Chamereuui's Set
8 59 1 5 0 0 0 0 1 0    
9 59 1 5 0 0 0 0 1 0
11 59 1 5 0 0 0 0 1 0
0 32 1 5 0 0 0 0 1 0
end


