0
//EventName              DropZen   ItemDropRate   ItemDropCount   SetItemDropRate   ItemDropType   Fireworks	
"Chaos Card Mix 3"	 1000	   100		  1		  0		    0		   0
end

1
//Section   Type   MinLevel   MaxLevel   Skill   Luck   Option   Excellent
12          30          0          0          0          0          2          0         // Bless bundled jewel
12          31          0          0          0          0          2          0         // Soul  bundled jewel
12          136         0          0          0          0          2          0         // Life  bundled jewel
12          137         0          0          0          0          2          0         // Creation  bundled jewel
12          141         0          0          0          0          2          0         // Chaos  bundled jewel

// Box of Kundun 3 items
0           31          0          1          1          1          0          3
0           16          0          1          1          1          0          3
0           34          0          1          1          1          0          3
0           18          0          1          1          1          0          3
2           11          0          1          1          1          0          3
4           16          0          1          1          1          0          3
5           16          0          1          1          1          0          3
5           11          0          1          1          1          0          3
5           9           0          1          0          1          0          3
6           15          0          1          1          1          0          3
7           16          0          1          0          1          0          3
8           16          0          1          0          1          0          3
9           16          0          1          0          1          0          3
10          16          0          1          0          1          0          3
11          16          0          1          0          1          0          3
7           18          0          1          0          1          0          3
8           18          0          1          0          1          0          3
9           18          0          1          0          1          0          3
10          18          0          1          0          1          0          3
11          18          0          1          0          1          0          3
7           19          0          1          0          1          0          3
8           19          0          1          0          1          0          3
9           19          0          1          0          1          0          3
10          19          0          1          0          1          0          3
11          19          0          1          0          1          0          3
8           15          0          1          0          1          0          3
9           15          0          1          0          1          0          3
10          15          0          1          0          1          0          3
11          15          0          1          0          1          0          3
7           41          0          1          0          1          0          3
8           41          0          1          0          1          0          3
9           41          0          1          0          1          0          3
10          41          0          1          0          1          0          3
11          41          0          1          0          1          0          3
7           60          0          1          0          1          0          3
8           60          0          1          0          1          0          3
9           60          0          1          0          1          0          3
11          60          0          1          0          1          0          2
0           31          0          1          1          1          0          2
0           16          0          1          1          1          0          2
0           34          0          1          1          1          0          2
0           18          0          1          1          1          0          2
2           11          0          1          1          1          0          2
4           16          0          1          1          1          0          2
5           16          0          1          1          1          0          2
5           11          0          1          1          1          0          2
5           9           0          1          0          1          0          2
6           15          0          1          1          1          0          2
7           16          0          1          0          1          0          2
8           16          0          1          0          1          0          2
9           16          0          1          0          1          0          2
10          16          0          1          0          1          0          2
11          16          0          1          0          1          0          2
7           18          0          1          0          1          0          2
8           18          0          1          0          1          0          2
9           18          0          1          0          1          0          2
10          18          0          1          0          1          0          2
11          18          0          1          0          1          0          2
7           19          0          1          0          1          0          2
8           19          0          1          0          1          0          2
9           19          0          1          0          1          0          2
10          19          0          1          0          1          0          2
11          19          0          1          0          1          0          2
8           15          0          1          0          1          0          2
9           15          0          1          0          1          0          2
10          15          0          1          0          1          0          2
11          15          0          1          0          1          0          2
7           41          0          1          0          1          0          2
8           41          0          1          0          1          0          2
9           41          0          1          0          1          0          2
10          41          0          1          0          1          0          2
11          41          0          1          0          1          0          2
7           60          0          1          0          1          0          2
8           60          0          1          0          1          0          2
9           60          0          1          0          1          0          2
11          60          0          1          0          0          0          2
0           31          0          1          1          0          0          3
0           16          0          1          1          0          0          3
0           34          0          1          1          0          0          3
0           18          0          1          1          0          0          3
2           11          0          1          1          0          0          3
4           16          0          1          1          0          0          3
5           16          0          1          1          0          0          3
5           11          0          1          1          0          0          3
5           9           0          1          0          0          0          3
6           15          0          1          1          0          0          3
7           16          0          1          0          0          0          3
8           16          0          1          0          0          0          3
9           16          0          1          0          0          0          3
10          16          0          1          0          0          0          3
11          16          0          1          0          0          0          3
7           18          0          1          0          0          0          3
8           18          0          1          0          0          0          3
9           18          0          1          0          0          0          3
10          18          0          1          0          0          0          3
11          18          0          1          0          0          0          3
7           19          0          1          0          0          0          3
8           19          0          1          0          0          0          3
9           19          0          1          0          0          0          3
10          19          0          1          0          0          0          3
11          19          0          1          0          0          0          3
8           15          0          1          0          0          0          3
9           15          0          1          0          0          0          3
10          15          0          1          0          0          0          3
11          15          0          1          0          0          0          3
7           41          0          1          0          0          0          3
8           41          0          1          0          0          0          3
9           41          0          1          0          0          0          3
10          41          0          1          0          0          0          3
11          41          0          1          0          0          0          3
7           60          0          1          0          0          0          3
8           60          0          1          0          0          0          3
9           60          0          1          0          0          0          3
11          60          0          1          0          0          0          2
0           31          0          1          1          0          0          2
0           16          0          1          1          0          0          2
0           34          0          1          1          0          0          2
0           18          0          1          1          0          0          2
2           11          0          1          1          0          0          2
4           16          0          1          1          0          0          2
5           16          0          1          1          0          0          2
5           11          0          1          1          0          0          2
5           9           0          1          0          0          0          2
6           15          0          1          1          0          0          2
7           16          0          1          0          0          0          2
8           16          0          1          0          0          0          2
9           16          0          1          0          0          0          2
10          16          0          1          0          0          0          2
11          16          0          1          0          0          0          2
7           18          0          1          0          0          0          2
8           18          0          1          0          0          0          2
9           18          0          1          0          0          0          2
10          18          0          1          0          0          0          2
11          18          0          1          0          0          0          2
7           19          0          1          0          0          0          2
8           19          0          1          0          0          0          2
9           19          0          1          0          0          0          2
10          19          0          1          0          0          0          2
11          19          0          1          0          0          0          2
8           15          0          1          0          0          0          2
9           15          0          1          0          0          0          2
10          15          0          1          0          0          0          2
11          15          0          1          0          0          0          2
7           41          0          1          0          0          0          2
8           41          0          1          0          0          0          2
9           41          0          1          0          0          0          2
10          41          0          1          0          0          0          2
11          41          0          1          0          0          0          2
7           60          0          1          0          0          0          2
8           60          0          1          0          0          0          2
9           60          0          1          0          0          0          2
11          60          0          1          0          0          0          2

0           31          0          1          1          1          0          3
0           16          0          1          1          1          0          3
0           34          0          1          1          1          0          3
0           18          0          1          1          1          0          3
2           11          0          1          1          1          0          3
4           16          0          1          1          1          0          3
5           16          0          1          1          1          0          3
5           11          0          1          1          1          0          3
5           9           0          1          0          1          0          3
6           15          0          1          1          1          0          3
7           16          0          1          0          1          0          3
8           16          0          1          0          1          0          3
9           16          0          1          0          1          0          3
10          16          0          1          0          1          0          3
11          16          0          1          0          1          0          3
7           18          0          1          0          1          0          3
8           18          0          1          0          1          0          3
9           18          0          1          0          1          0          3
10          18          0          1          0          1          0          3
11          18          0          1          0          1          0          3
7           19          0          1          0          1          0          3
8           19          0          1          0          1          0          3
9           19          0          1          0          1          0          3
10          19          0          1          0          1          0          3
11          19          0          1          0          1          0          3
8           15          0          1          0          1          0          3
9           15          0          1          0          1          0          3
10          15          0          1          0          1          0          3
11          15          0          1          0          1          0          3
7           41          0          1          0          1          0          3
8           41          0          1          0          1          0          3
9           41          0          1          0          1          0          3
10          41          0          1          0          1          0          3
11          41          0          1          0          1          0          3
7           60          0          1          0          1          0          3
8           60          0          1          0          1          0          3
9           60          0          1          0          1          0          3
11          60          0          1          0          1          0          2
0           31          0          1          1          1          0          2
0           16          0          1          1          1          0          2
0           34          0          1          1          1          0          2
0           18          0          1          1          1          0          2
2           11          0          1          1          1          0          2
4           16          0          1          1          1          0          2
5           16          0          1          1          1          0          2
5           11          0          1          1          1          0          2
5           9           0          1          0          1          0          2
6           15          0          1          1          1          0          2
7           16          0          1          0          1          0          2
8           16          0          1          0          1          0          2
9           16          0          1          0          1          0          2
10          16          0          1          0          1          0          2
11          16          0          1          0          1          0          2
7           18          0          1          0          1          0          2
8           18          0          1          0          1          0          2
9           18          0          1          0          1          0          2
10          18          0          1          0          1          0          2
11          18          0          1          0          1          0          2
7           19          0          1          0          1          0          2
8           19          0          1          0          1          0          2
9           19          0          1          0          1          0          2
10          19          0          1          0          1          0          2
11          19          0          1          0          1          0          2
8           15          0          1          0          1          0          2
9           15          0          1          0          1          0          2
10          15          0          1          0          1          0          2
11          15          0          1          0          1          0          2
7           41          0          1          0          1          0          2
8           41          0          1          0          1          0          2
9           41          0          1          0          1          0          2
10          41          0          1          0          1          0          2
11          41          0          1          0          1          0          2
7           60          0          1          0          1          0          2
8           60          0          1          0          1          0          2
9           60          0          1          0          1          0          2
11          60          0          1          0          0          0          2
0           31          0          1          1          0          0          3
0           16          0          1          1          0          0          3
0           34          0          1          1          0          0          3
0           18          0          1          1          0          0          3
2           11          0          1          1          0          0          3
4           16          0          1          1          0          0          3
5           16          0          1          1          0          0          3
5           11          0          1          1          0          0          3
5           9           0          1          0          0          0          3
6           15          0          1          1          0          0          3
7           16          0          1          0          0          0          3
8           16          0          1          0          0          0          3
9           16          0          1          0          0          0          3
10          16          0          1          0          0          0          3
11          16          0          1          0          0          0          3
7           18          0          1          0          0          0          3
8           18          0          1          0          0          0          3
9           18          0          1          0          0          0          3
10          18          0          1          0          0          0          3
11          18          0          1          0          0          0          3
7           19          0          1          0          0          0          3
8           19          0          1          0          0          0          3
9           19          0          1          0          0          0          3
10          19          0          1          0          0          0          3
11          19          0          1          0          0          0          3
8           15          0          1          0          0          0          3
9           15          0          1          0          0          0          3
10          15          0          1          0          0          0          3
11          15          0          1          0          0          0          3
7           41          0          1          0          0          0          3
8           41          0          1          0          0          0          3
9           41          0          1          0          0          0          3
10          41          0          1          0          0          0          3
11          41          0          1          0          0          0          3
7           60          0          1          0          0          0          3
8           60          0          1          0          0          0          3
9           60          0          1          0          0          0          3
11          60          0          1          0          0          0          2
0           31          0          1          1          0          0          2
0           16          0          1          1          0          0          2
0           34          0          1          1          0          0          2
0           18          0          1          1          0          0          2
2           11          0          1          1          0          0          2
4           16          0          1          1          0          0          2
5           16          0          1          1          0          0          2
5           11          0          1          1          0          0          2
5           9           0          1          0          0          0          2
6           15          0          1          1          0          0          2
7           16          0          1          0          0          0          2
8           16          0          1          0          0          0          2
9           16          0          1          0          0          0          2
10          16          0          1          0          0          0          2
11          16          0          1          0          0          0          2
7           18          0          1          0          0          0          2
8           18          0          1          0          0          0          2
9           18          0          1          0          0          0          2
10          18          0          1          0          0          0          2
11          18          0          1          0          0          0          2
7           19          0          1          0          0          0          2
8           19          0          1          0          0          0          2
9           19          0          1          0          0          0          2
10          19          0          1          0          0          0          2
11          19          0          1          0          0          0          2
8           15          0          1          0          0          0          2
9           15          0          1          0          0          0          2
10          15          0          1          0          0          0          2
11          15          0          1          0          0          0          2
7           41          0          1          0          0          0          2
8           41          0          1          0          0          0          2
9           41          0          1          0          0          0          2
10          41          0          1          0          0          0          2
11          41          0          1          0          0          0          2
7           60          0          1          0          0          0          2
8           60          0          1          0          0          0          2
9           60          0          1          0          0          0          2
11          60          0          1          0          0          0          2
end