

// ~~~~~~~~~~~~~~~~~~~~~~~~~~~~~~~~~~~~~~~~~~~~~~~~~~~~~~~~~~~~~~~~~~~~~~~~~~~~~~~~~~~~~~~~~~~~~~~~~~~~~~~~~~~~~~~~~~~~~~~~~~~~~~~~~~~~~~~~~~~~~~~~~~~~~~~~~~~~~~~~~~~~~~~~~~~~~~~~~~~~~~~~~~~~~~~~~~~~~~~~~~~~~~~~~~~~~~~~~~~~~~~~~~~~~~~~~~
// =========== MapID: 80
// ~~~~~~~~~~~~~~~~~~~~~~~~~~~~~~~~~~~~~~~~~~~~~~~~~~~~~~~~~~~~~~~~~~~~~~~~~~~~~~~~~~~~~~~~~~~~~~~~~~~~~~~~~~~~~~~~~~~~~~~~~~~~~~~~~~~~~~~~~~~~~~~~~~~~~~~~~~~~~~~~~~~~~~~~~~~~~~~~~~~~~~~~~~~~~~~~~~~~~~~~~~~~~~~~~~~~~~~~~~~~~~~~~~~~~~~~~~
1
573	80	3	156	74	-1	//Crypta
573	80	3	173	179	-1	//Crypta
571	80	3	105	185	-1	//Orcus
573	80	3	130	66	-1	//Crypta
574	80	3	182	58	-1	//Crypos
574	80	3	207	179	-1	//Crypos
574	80	3	226	157	-1	//Crypos
574	80	3	208	37	-1	//Crypos
574	80	3	214	89	-1	//Crypos
571	80	3	62	176	-1	//Orcus
569	80	3	92	73	-1	//Poision Scorpion
569	80	3	136	164	-1	//Poision Scorpion
569	80	3	101	127	-1	//Poision Scorpion
569	80	3	67	128	-1	//Poision Scorpion
569	80	3	187	111	-1	//Poision Scorpion
570	80	3	36	139	-1	//Bone Scorpion
571	80	3	40	186	-1	//Orcus
570	80	3	46	59	-1	//Bone Scorpion
570	80	3	37	89	-1	//Bone Scorpion
end


//minimap

2   151   74	0   //Crypta
2   168   179	0   //Crypta
2   100   185	0   //Orcus
2   125   66	0   //Crypta
2   177   58	0   //Crypos
2   202   179	0   //Crypos
2   221   157	0   //Crypos
2   203   37	0   //Crypos
2   209   89	0   //Crypos
2   57    176	0   //Orcus
2   87    73	0   //Poision Scorpion
2   131   164	0   //Poision Scorpion
2   96    127	0   //Poision Scorpion
2   62    128	0   //Poision Scorpion
2   182   111	0   //Poision Scorpion
2   31    139	0   //Bone Scorpion
2   35    186	0   //Orcus
2   41    59	0   //Bone Scorpion
2   32    89	0   //Bone Scorpion
